1
2
3
4
5
6
7
8
9
10
11
12
13
14
15
16
17
18
19
20
21
22
23
24
25
26
27
28
29
30
31
32
33
34
35
36
37
38
39
40
41
42
43
44
45
46
47
48
49
50
51
52
53
54
55
56
57
58
59
60
61
62
63
64
65
66
67
68
69
70
71
72
73
74
75
76
77
78
79
80
81
82
83
84
85
86
87
88
89
90
91
92
93
94
95
96
97
98
99
100
101
102
103
104
105
106
107
108
109
110
111
112
113
114
115
116
117
118
119
120
121
122
123
124
125
126
127
128
129
130
131
132
133
134
135
136
137
138
139
140
141
142
143
144
145
146
147
148
149
150
151
152
153
154
155
156
157
158
159
160
161
162
163
164
165
166
167
168
169
170
171
172
173
174
175
176
177
178
179
180
181
182
183
184
185
186
187
188
189
190
191
192
193
194
195
196
197
198
199
200
201
202
203
204
205
206
207
208
209
210
211
212
213
214
215
216
217
218
219
220
221
222
223
224
225
226
227
228
229
230
231
232
233
234
235
236
237
238
239
240
241
242
243
244
245
246
247
248
249
250
251
252
253
254
255
256
257
258
259
260
261
262
263
264
265
266
267
268
269
270
271
272
273
274
275
276
277
278
279
280
281
282
283
284
285
286
287
288
289
290
291
292
293
294
295
296
297
298
299
300
301
302
303
304
305
306
307
308
309
310
311
312
313
314
315
316
317
318
319
320
321
322
323
324
325
326
327
328
329
330
331
332
333
334
335
336
337
338
339
340
341
342
343
344
345
346
347
348
349
350
351
352
353
354
355
356
357
358
359
360
361
362
363
364
365
366
367
368
369
370
371
372
373
374
375
376
377
378
379
380
381
382
383
384
385
386
387
388
389
390
391
392
393
394
395
396
397
398
399
400
401
402
403
404
405
406
407
408
409
410
411
412
413
414
415
416
417
418
419
420
421
422
423
424
425
426
427
428
429
430
431
432
433
434
435
436
437
438
439
440
441
442
443
444
445
446
447
448
449
450
451
452
453
454
455
456
457
458
459
460
461
462
463
464
465
466
467
468
469
470
471
472
473
474
475
476
477
478
479
480
481
482
483
484
485
486
487
488
489
490
491
492
493
494
495
496
497
498
499
500
2147483647
2147483646
2147483645
2147483644
2147483643
2147483642
2147483641
2147483640
2147483639
2147483638
2147483637
2147483636
2147483635
2147483634
2147483633
2147483632
2147483631
2147483630
2147483629
2147483628
2147483627
2147483626
2147483625
2147483624
2147483623
2147483622
2147483621
2147483620
2147483619
2147483618
2147483617
2147483616
2147483615
2147483614
2147483613
2147483612
2147483611
2147483610
2147483609
2147483608
2147483607
2147483606
2147483605
2147483604
2147483603
2147483602
2147483601
2147483600
2147483599
2147483598
2147483597
2147483596
2147483595
2147483594
2147483593
2147483592
2147483591
2147483590
2147483589
2147483588
2147483587
2147483586
2147483585
2147483584
2147483583
2147483582
2147483581
2147483580
2147483579
2147483578
2147483577
2147483576
2147483575
2147483574
2147483573
2147483572
2147483571
2147483570
2147483569
2147483568
2147483567
2147483566
2147483565
2147483564
2147483563
2147483562
2147483561
2147483560
2147483559
2147483558
2147483557
2147483556
2147483555
2147483554
2147483553
2147483552
2147483551
2147483550
2147483549
2147483548
2147483547
2147483546
2147483545
2147483544
2147483543
2147483542
2147483541
2147483540
2147483539
2147483538
2147483537
2147483536
2147483535
2147483534
2147483533
2147483532
2147483531
2147483530
2147483529
2147483528
2147483527
2147483526
2147483525
2147483524
2147483523
2147483522
2147483521
2147483520
2147483519
2147483518
2147483517
2147483516
2147483515
2147483514
2147483513
2147483512
2147483511
2147483510
2147483509
2147483508
2147483507
2147483506
2147483505
2147483504
2147483503
2147483502
2147483501
2147483500
2147483499
2147483498
2147483497
2147483496
2147483495
2147483494
2147483493
2147483492
2147483491
2147483490
2147483489
2147483488
2147483487
2147483486
2147483485
2147483484
2147483483
2147483482
2147483481
2147483480
2147483479
2147483478
2147483477
2147483476
2147483475
2147483474
2147483473
2147483472
2147483471
2147483470
2147483469
2147483468
2147483467
2147483466
2147483465
2147483464
2147483463
2147483462
2147483461
2147483460
2147483459
2147483458
2147483457
2147483456
2147483455
2147483454
2147483453
2147483452
2147483451
2147483450
2147483449
2147483448
2147483447
2147483446
2147483445
2147483444
2147483443
2147483442
2147483441
2147483440
2147483439
2147483438
2147483437
2147483436
2147483435
2147483434
2147483433
2147483432
2147483431
2147483430
2147483429
2147483428
2147483427
2147483426
2147483425
2147483424
2147483423
2147483422
2147483421
2147483420
2147483419
2147483418
2147483417
2147483416
2147483415
2147483414
2147483413
2147483412
2147483411
2147483410
2147483409
2147483408
2147483407
2147483406
2147483405
2147483404
2147483403
2147483402
2147483401
2147483400
2147483399
2147483398
2147483397
2147483396
2147483395
2147483394
2147483393
2147483392
2147483391
2147483390
2147483389
2147483388
2147483387
2147483386
2147483385
2147483384
2147483383
2147483382
2147483381
2147483380
2147483379
2147483378
2147483377
2147483376
2147483375
2147483374
2147483373
2147483372
2147483371
2147483370
2147483369
2147483368
2147483367
2147483366
2147483365
2147483364
2147483363
2147483362
2147483361
2147483360
2147483359
2147483358
2147483357
2147483356
2147483355
2147483354
2147483353
2147483352
2147483351
2147483350
2147483349
2147483348
2147483347
2147483346
2147483345
2147483344
2147483343
2147483342
2147483341
2147483340
2147483339
2147483338
2147483337
2147483336
2147483335
2147483334
2147483333
2147483332
2147483331
2147483330
2147483329
2147483328
2147483327
2147483326
2147483325
2147483324
2147483323
2147483322
2147483321
2147483320
2147483319
2147483318
2147483317
2147483316
2147483315
2147483314
2147483313
2147483312
2147483311
2147483310
2147483309
2147483308
2147483307
2147483306
2147483305
2147483304
2147483303
2147483302
2147483301
2147483300
2147483299
2147483298
2147483297
2147483296
2147483295
2147483294
2147483293
2147483292
2147483291
2147483290
2147483289
2147483288
2147483287
2147483286
2147483285
2147483284
2147483283
2147483282
2147483281
2147483280
2147483279
2147483278
2147483277
2147483276
2147483275
2147483274
2147483273
2147483272
2147483271
2147483270
2147483269
2147483268
2147483267
2147483266
2147483265
2147483264
2147483263
2147483262
2147483261
2147483260
2147483259
2147483258
2147483257
2147483256
2147483255
2147483254
2147483253
2147483252
2147483251
2147483250
2147483249
2147483248
2147483247
2147483246
2147483245
2147483244
2147483243
2147483242
2147483241
2147483240
2147483239
2147483238
2147483237
2147483236
2147483235
2147483234
2147483233
2147483232
2147483231
2147483230
2147483229
2147483228
2147483227
2147483226
2147483225
2147483224
2147483223
2147483222
2147483221
2147483220
2147483219
2147483218
2147483217
2147483216
2147483215
2147483214
2147483213
2147483212
2147483211
2147483210
2147483209
2147483208
2147483207
2147483206
2147483205
2147483204
2147483203
2147483202
2147483201
2147483200
2147483199
2147483198
2147483197
2147483196
2147483195
2147483194
2147483193
2147483192
2147483191
2147483190
2147483189
2147483188
2147483187
2147483186
2147483185
2147483184
2147483183
2147483182
2147483181
2147483180
2147483179
2147483178
2147483177
2147483176
2147483175
2147483174
2147483173
2147483172
2147483171
2147483170
2147483169
2147483168
2147483167
2147483166
2147483165
2147483164
2147483163
2147483162
2147483161
2147483160
2147483159
2147483158
2147483157
2147483156
2147483155
2147483154
2147483153
2147483152
2147483151
2147483150
2147483149
2147483148
2147483147
791117177
722177968
659586416
4770742
949655996
315775380
688761220
434519277
266581044
71817861
724009023
147104726
488474355
883829580
184977041
83078847
694529042
311594472
500071035
133615957
182352529
48777089
329050527
597269521
722971425
282846914
108164296
669626699
716196523
353769765
698679433
622904287
277719960
618113027
420206533
830698476
789041982
924051748
250071035
295176015
941538320
604349599
469919667
832132802
805796132
392832265
540720449
570658193
957895742
171183095
487864003
923532949
193308339
952005849
576883779
684427724
860025869
4282460
561747060
408396230
342051015
527964101
286386953
731943593
724619375
783487783
921366201
788523183
172281728
82437978
616159902
376230703
50974355
546244130
849009023
33609853
325693593
38187490
255014882
679850087
264719472
175821767
214395986
975809560
981638417
829752431
981211171
61930166
846720205
14597402
634958730
829233632
298563466
579355703
635141835
380136953
87198720
602304921
260996328
834482656
480478750
897623525
716989980
137888417
464334951
539377675
185739980
28147207
468393789
809366689
609385000
816141591
648416982
475168691
480661855
137369619
256540761
804331289
425058828
330606923
130625234
221292958
855417714
599436269
833994375
13041005
479532705
613687978
476969228
989878164
943216787
706186757
750986562
507517324
388712392
321604238
207193837
756815419
210855947
873606191
310251699
727152333
791544423
666269765
298716054
750101552
493937001
36386953
383524404
29337392
697763906
372538076
315439687
63089833
156931386
167459951
852945791
365427480
460459218
759958730
161783681
392710195
878427968
922373281
677408681
81339345
373758779
950083242
461496816
902933583
61289296
409098134
583963857
843515859
895487294
198313222
561563955
212809072
867746816
82285390
384317861
689585195
494852529
351053701
161203847
509928212
879587636
763010488
916178212
204111562
125010000
427591787
565714345
788614736
383310781
783152089
609568105
819498525
320810781
327280507
565317617
213297353
280283437
254984365
678446279
241739736
921488271
661509023
939157949
606668935
621897207
465769277
936899648
1108632
418131337
710733876
584177480
63028798
769724355
397135244
240702138
128000722
926554189
506479726
269083486
686624990
180735097
369791494
553598867
953714833
784830556
38401113
13071523
454782949
817240224
812906728
638834462
36325917
776010976
586374746
89914785
206369863
182383046
158701406
375498281
211222158
975656972
177408681
656870351
754892812
979959951
862040029
699839101
767191396
224710927
167765126
8432851
126993642
399851308
544840322
171854482
746927724
226969228
949930654
455362783
925486074
27933583
265665517
166605458
372995839
271799550
784677968
828592763
817789541
381479726
914286123
690561757
598551259
581766591
758158193
608042226
149240957
69132314
731211171
823130117
783091054
285379873
863840566
676615224
681253896
576059804
952066884
782938466
493296132
14688955
209513173
699137197
454721914
674326406
577402578
619364248
428781972
127848134
349436269
126078115
778116689
457743154
266977773
528849111
472818837
556986318
741343007
822672353
341043935
2268300
359385000
796335683
868296132
280649648
328348623
322702871
452249990
651041494
16581044
361704335
518259511
421610341
246134267
707468496
403086171
924570546
493509755
11057363
411905751
969431386
654917226
109598623
955759511
55918203
532389150
193338857
175180898
128122792
696482167
842051015
956461416
150766835
882547841
461557851
746714101
288919912
576181875
152018056
73923574
972666250
944651113
539225087
178568349
627726064
770029531
599771962
662455068
353189931
540537343
11850820
561899648
328012929
356668935
62601552
750345693
227030263
807505117
643259511
77890859
428263173
474466787
363687978
153055654
292185292
217936025
317026601
173471914
294779287
903482900
526133046
711649404
295114980
723856435
602884755
862070546
719217763
772593007
651682363
655924306
940897451
26407705
948160634
149485097
641336904
391397939
424753652
92783437
428385244
970438466
494089589
584513173
496683583
207315908
241343007
619486318
610392080
64035878
517313466
934916005
189096914
887674794
962870107
61899648
778757558
122934804
496286855
988047109
688456044
526590810
295084462
337809072
74594960
40201650
802622304
476694570
253427968
977152333
792063222
445261464
523478017
680674062
17527089
129892812
278940664
308420644
485025869
575724111
695414052
900583730
873209462
848703847
768991933
387339101
136270986
352457509
990244375
691965566
819284902
6845937
434183583
585916982
118082509
193735585
547556386
452249990
214212880
876749501
414499746
613230214
916666494
801187978
782083974
378855214
141611562
180094228
626871572
472330556
260965810
773050771
543650136
988565908
851755605
763681875
737864003
542429433
876688466
342386708
902475820
762247548
827982412
400248037
761301503
785837636
865122304
240549550
559244619
914225087
478037343
714182363
281076894
80088125
707041250
685190664
880259023
