25
402 37 113 567 51 213 221 331 408 259 102 589 138 294 452 239 350 603 405 66 445 439 605 35 502
81 573 191 250 301 338 591 278 339 432 289 533 498 510 205 475 257 71 144 560 389 109 442 39 228
592 249 387 105 509 91 491 404 611 258 22 186 529 594 485 490 90 58 216 588 254 36 477 5 427
508 30 177 344 329 363 77 348 540 455 335 425 135 160 122 236 62 367 183 145 27 263 397 423 63
407 417 153 168 538 96 325 8 284 396 87 545 23 214 615 277 438 565 556 139 527 189 446 337 123
244 333 349 562 336 187 147 212 291 15 315 443 610 83 346 351 60 600 70 146 487 275 307 382 268
557 511 299 18 352 328 386 419 362 95 293 411 256 271 418 579 261 523 296 341 55 111 559 231 184
295 104 273 178 520 108 156 119 458 219 246 575 621 596 265 327 447 181 210 279 232 121 227 459 155
441 243 199 211 85 245 429 234 504 503 25 409 19 253 580 89 448 308 46 142 72 398 14 125 240
513 373 539 321 215 319 582 416 602 525 6 312 154 546 309 489 281 377 604 317 1 311 132 235 116
88 478 73 421 7 31 542 193 204 440 320 288 149 388 2 576 534 547 574 494 103 282 400 197 384
310 323 435 437 473 492 285 47 143 537 276 379 226 16 483 49 179 457 32 247 376 50 422 360 326
287 302 241 97 220 222 9 100 526 572 203 57 110 260 496 383 450 530 0 269 499 192 157 118 322
80 151 128 127 174 488 318 577 38 54 162 426 342 150 42 583 148 92 166 395 370 163 141 424 332
501 553 462 172 371 280 558 406 587 372 198 401 194 469 297 451 464 137 584 366 516 252 20 78 224
343 568 465 274 420 468 356 233 436 28 555 595 298 461 270 126 481 120 345 518 133 598 593 391 403
470 608 98 548 353 380 466 79 581 304 365 115 124 17 385 357 314 106 522 368 33 56 152 292 175
82 597 34 43 364 313 12 230 524 290 570 392 393 624 528 130 566 69 500 454 306 65 167 607 229
394 182 29 114 272 456 324 497 390 609 195 161 467 375 208 185 434 303 474 10 552 242 330 512 84
414 617 517 535 217 202 550 493 340 480 209 225 176 238 283 554 4 531 486 430 471 93 585 590 444
623 75 64 361 262 612 599 201 433 53 505 541 412 561 616 158 67 413 551 571 453 24 536 13 543
207 428 519 569 61 606 59 136 94 11 544 200 112 549 129 515 449 171 618 44 267 472 359 601 355
507 563 86 99 52 381 484 165 164 26 255 248 3 514 495 476 286 68 613 354 48 173 334 586 532
223 305 188 134 159 218 45 358 316 399 463 614 482 76 347 169 101 460 431 21 479 40 117 266 620
521 564 237 410 131 206 378 107 369 415 251 506 196 374 622 74 619 140 578 264 180 300 170 41 190