Just to show an empty board
end
<< Chinese fuseki >>
(4,16) (16,4) (16,17)
(4,4) (17,5) end
A real game date back to 1902 where white wins in the middle
(4,17) (4,4) (17,16) (3,15) (16,3) (15,17)
(5,16) (17,5) (11,17) (14,4) (16,5) (16,4)
(15,4) (17,4) (15,3) (15,5) (14,5) (16,6)
(15,6) (15,7) (16,5) (17,3) (15,5) (16,7)
(11,3) (17,14) (16,14) (16,13) (15,14) (17,15)
(16,16) (12,16) (11,16) (12,15) (11,15) (12,14)
(15,16) (12,17) (11,14) (12,13) (14,17) (11,13)
(10,13) (10,12) (9,13) (9,12) (8,13) (3,12)
(16,11) (15,13) (17,8) (16,9) (17,12) (17,13)
(17,9) (16,10) (17,10) (15,11) (18,7) (18,6)
(18,12) (12,18) (14,7) (15,18) (14,18) (17,18)
(14,15) (18,18) (18,16) (19,17) (18,13) (19,16)
(18,15) (18,14) (19,15) (19,14) (15,19) (16,19)
(16,17) (16,18) (18,19) (14,19) (13,19) (18,17)
(15,19) (14,16) (13,16) (14,19) (14,13) (14,12)
(15,19) (12,4) (14,19) (12,3) (19,19) (12,6)
(14,9) (17,2) (15,10) (6,8) print (14,11)
(15,12) (13,11) (14,14) (13,14) (13,13)
(14,14) (13,12) (11,11) (11,12) (11,8) (12,8)
(12,9) (13,8) (12,7) (13,7) (13,6) (13,5)
(13,9) (14,6) (9,10) (8,12) (13,6) (11,7)
(14,8) (14,6) (17,7) (17,6) (13,6) (12,19)
(17,17) (14,6) (7,12) (8,10) (13,6) (16,15)
(19,18) (14,6) (8,11) (10,10) (13,6) (17,19)
(19,19) (14,6) (9,11) (10,11) (13,6) (15,15)
(14,16) (14,6) (10,9) (9,9) (13,6) (13,15)
(18,19) (14,6) (7,11) (10,8) (11,9) (9,8)
(13,6) (19,18) (19,19) (14,6)
end
another real game ^_^
(4,17) (4,4) (17,16) (15,17) (11,17) (4,14)
(6,16) (15,3) (16,17) (15,16) (16,14) (11,15)
(9,16) (17,4) (3,12) (3,7) (13,17) (12,16)
(12,17) (14,15) (16,12) (9,15) (8,15) (10,16)
(9,17) (9,14) (8,14) (9,13) (8,13) (3,17)
(3,18) (4,16) (5,17) (3,13) (4,12) (2,17)
(17,8) (9,3) (12,14) (13,13) (11,14) (9,12)
(12,12) (12,13) (11,13) (11,12) (10,12) (11,11)
(10,11) (15,13) (12,15) (11,10) (10,10) (10,9)
(8,11) (11,9) (16,13) (15,11) (16,11) (15,10)
(16,9) (8,10) (9,9) (9,8) (8,9) (9,10)
(9,11) (7,10) (8,8) (7,11) (8,12) (6,9)
(9,7) (10,8) (7,6) (4,9) (9,5) (6,13)
(6,3) (11,4) (3,3) (4,3) (3,4) (3,5)
(2,5) (3,6) (4,2) (5,2) (3,2) (5,3)
(8,3) (8,2) (9,4) (7,3) (8,4) (9,2)
(7,2) (6,2) (7,4) (9,7) print
(7,1) (10,4) (5,1) (5,5) (6,1) (2,18)
(1,7) (1,6) (2,6) (2,7) (1,5) (16,15)
(17,15) (17,6) (3,15) (4,15) (2,11) (2,13)
(1,9) (15,7) (16,7) (16,6) (15,8) (18,8)
(14,7) (15,6) (13,8) (18,9) (17,10) (12,6)
(15,18) (18,10) (18,11) (14,18) (16,18) (14,17)
(13,18) (4,18) (5,18) (3,19) (14,12) (15,12)
(14,14) (15,14) (14,13) (19,11) (19,10) (19,9)
(18,12) (8,7) (7,7) (9,6) (8,6) (2,9)
(1,8) (17,7) (10,5) (14,6) (17,9) (5,19)
(6,19) (6,18) (4,19) (13,16) (11,16) (5,19)
(13,11) (13,10) (4,19) (6,4) (7,3) (5,19)
(14,9) (14,10) (4,19) (19,12) (3,18) (19,14)
(18,15) (4,18) (11,5) (12,5) (3,18) (13,19)
(12,19) (4,18) (12,8) (7,8) (9,7) (15,9)
(16,8) (8,7) (12,9) (12,10) (9,7) (11,7)
(3,18) (13,15) (13,14) (4,18) print
(8,1) (11,2) (3,18) (2,12) (3,11) (4,18)
(5,19) (5,16) (6,17) (8,7) (16,16) (15,15)
(9,7) (2,8) (1,11) (8,7) (9,1) (10,1)
(9,7) (5,11) (6,5) (8,7) (5,4) (4,5)
(9,7) (6,7) (6,6) (5,6) (10,6) (14,19)
(18,13) (19,13) (3,18) (2,19) (3,10) (3,9)
(18,7) (18,6) (19,7) (19,6) (18,14) (19,8)
(19,15) (19,10) (1,12) (1,13) (4,13) (3,14)
(6,14) (7,12) (5,12) (6,12) (15,19) (4,10)
(1,10) (6,15) (7,15) (5,15) (13,6) (13,5)
(13,7) (16,10) (14,11) (4,18) (6,4) (3,18) end
hat!!!
(3,4) (4,4) (3,5) (4,16) (4,3) (16,4) (5,4) print
(4,5) (4,6) (5,5) (6,5)
(5,6) (5,7) (6,6) (7,6)
(6,7) (6,8) (7,7) (8,7)
(7,8) (7,9) (8,8) (9,8)
(8,9) (8,10) (9,9) (10,9)
(9,10) (9,11) (10,10) (11,10)
(10,11) (10,12) (11,11) (12,11)
(11,12) (11,13) (12,12) (13,12)
(12,13) (12,14) (13,13) (14,13)
(13,14) (13,15) (14,14) (15,14)
(14,15) (14,16) (15,15) (16,15)
(15,16) (15,17) (16,16) (17,16)
(16,17) (16,18) (17,17) (18,17)
(17,18) (17,19) (18,18) (19,18)
print
(18,19) (1,1) print
(19,19) print
(18,18) end
Loop, Loop, and Looooooooooooooooooooooooooooooooooooooooop ...
(4,16) (16,4) (16,5) (5,16) (5,17) (17,5)
(17,6) (6,17) (5,15) (15,5) (15,6) (6,15)
(6,16) (16,6) (16,7) (7,16) (4,4) (16,16)
print
(1,1) (1,2) (2,2) (2,1) (3,1) (17,17)
print
print
(1,1) (5,16) (16,5) (2,1) (5,17) (17,5)
(1,1) (5,16) (16,5) (2,1) (5,17) (17,5)
(1,1) (5,16) (16,5) (2,1) (5,17) (17,5)
(1,1) (5,16) (16,5) (2,1) (5,17) (17,5)
(1,1) (5,16) (16,5) (2,1) (5,17) (17,5)
(1,1) (5,16) (16,5) (2,1) (5,17) (17,5)
(1,1) (5,16) (16,5) (2,1) (5,17) (17,5)
(1,1) (5,16) (16,5) (2,1) (5,17) (17,5)
(1,1) (5,16) (16,5) (2,1) (5,17) (17,5)
(1,1) (5,16) (16,5) (2,1) (5,17) (17,5)
(1,1) (5,16) (16,5) (2,1) (5,17) (17,5)
(1,1) (5,16) (16,5) (2,1) (5,17) (17,5)
(1,1) (5,16) (16,5) (2,1) (5,17) (17,5)
(1,1) (5,16) (16,5) (2,1) (5,17) (17,5)
(1,1) (5,16) (16,5) (2,1) (5,17) (17,5)
(1,1) (5,16) (16,5) (2,1) (5,17) (17,5)
(1,1) (5,16) (16,5) (2,1) (5,17) (17,5)
(1,1) (5,16) (16,5) (2,1) (5,17) (17,5)
(1,1) (5,16) (16,5) (2,1) (5,17) (17,5)
(1,1) (5,16) (16,5) (2,1) (5,17) (17,5)
(1,1) (5,16) (16,5) (2,1) (5,17) (17,5)
(1,1) (5,16) (16,5) (2,1) (5,17) (17,5)
(1,1) (5,16) (16,5) (2,1) (5,17) (17,5)
(1,1) (5,16) (16,5) (2,1) (5,17) (17,5)
(1,1) (5,16) (16,5) (2,1) (5,17) (17,5)
(1,1) (5,16) (16,5) (2,1) (5,17) (17,5)
(1,1) (5,16) (16,5) (2,1) (5,17) (17,5)
(1,1) (5,16) (16,5) (2,1) (5,17) (17,5)
(1,1) (5,16) (16,5) (2,1) (5,17) (17,5)
(1,1) (5,16) (16,5) (2,1) (5,17) (17,5)
(1,1) (5,16) (16,5) (2,1) (5,17) (17,5)
(1,1) (5,16) (16,5) (2,1) (5,17) (17,5)
(1,1) (5,16) (16,5) (2,1) (5,17) (17,5)
(1,1) (5,16) (16,5) (2,1) (5,17) (17,5)
(1,1) (5,16) (16,5) (2,1) (5,17) (17,5)
(1,1) (5,16) (16,5) (2,1) (5,17) (17,5)
(1,1) (5,16) (16,5) (2,1) (5,17) (17,5)
(1,1) (5,16) (16,5) (2,1) (5,17) (17,5)
(1,1) (5,16) (16,5) (2,1) (5,17) (17,5)
(1,1) (5,16) (16,5) (2,1) (5,17) (17,5)
(1,1) (5,16) (16,5) (2,1) (5,17) (17,5)
(1,1) (5,16) (16,5) (2,1) (5,17) (17,5)
(1,1) (5,16) (16,5) (2,1) (5,17) (17,5)
(1,1) (5,16) (16,5) (2,1) (5,17) (17,5)
(1,1) (5,16) (16,5) (2,1) (5,17) (17,5)
(1,1) (5,16) (16,5) (2,1) (5,17) (17,5)
(1,1) (5,16) (16,5) (2,1) (5,17) (17,5)
(1,1) (5,16) (16,5) (2,1) (5,17) (17,5)
(1,1) (5,16) (16,5) (2,1) (5,17) (17,5)
(1,1) (5,16) (16,5) (2,1) (5,17) (17,5)
(1,1) (5,16) (16,5) (2,1) (5,17) (17,5)
(1,1) (5,16) (16,5) (2,1) (5,17) (17,5)
(1,1) (5,16) (16,5) (2,1) (5,17) (17,5)
(1,1) (5,16) (16,5) (2,1) (5,17) (17,5)
(1,1) (5,16) (16,5) (2,1) (5,17) (17,5)
(1,1) (5,16) (16,5) (2,1) (5,17) (17,5)
(1,1) (5,16) (16,5) (2,1) (5,17) (17,5)
(1,1) (5,16) (16,5) (2,1) (5,17) (17,5)
(1,1) (5,16) (16,5) (2,1) (5,17) (17,5)
(1,1) (5,16) (16,5) (2,1) (5,17) (17,5)
(1,1) (5,16) (16,5) (2,1) (5,17) (17,5)
(1,1) (5,16) (16,5) (2,1) (5,17) (17,5)
(1,1) (5,16) (16,5) (2,1) (5,17) (17,5)
(1,1) (5,16) (16,5) (2,1) (5,17) (17,5)
(1,1) (5,16) (16,5) (2,1) (5,17) (17,5)
(1,1) (5,16) (16,5) (2,1) (5,17) (17,5)
(1,1) (5,16) (16,5) (2,1) (5,17) (17,5)
(1,1) (5,16) (16,5) (2,1) (5,17) (17,5)
(1,1) (5,16) (16,5) (2,1) (5,17) (17,5)
(1,1) (5,16) (16,5) (2,1) (5,17) (17,5)
(1,1) (5,16) (16,5) (2,1) (5,17) (17,5)
(1,1) (5,16) (16,5) (2,1) (5,17) (17,5)
(1,1) (5,16) (16,5) (2,1) (5,17) (17,5)
(1,1) (5,16) (16,5) (2,1) (5,17) (17,5)
(1,1) (5,16) (16,5) (2,1) (5,17) (17,5)
(1,1) (5,16) (16,5) (2,1) (5,17) (17,5)
(1,1) (5,16) (16,5) (2,1) (5,17) (17,5)
(1,1) (5,16) (16,5) (2,1) (5,17) (17,5)
(1,1) (5,16) (16,5) (2,1) (5,17) (17,5)
(1,1) (5,16) (16,5) (2,1) (5,17) (17,5)
(1,1) (5,16) (16,5) (2,1) (5,17) (17,5)
(1,1) (5,16) (16,5) (2,1) (5,17) (17,5)
(1,1) (5,16) (16,5) (2,1) (5,17) (17,5)
(1,1) (5,16) (16,5) (2,1) (5,17) (17,5)
(1,1) (5,16) (16,5) (2,1) (5,17) (17,5)
(1,1) (5,16) (16,5) (2,1) (5,17) (17,5)
(1,1) (5,16) (16,5) (2,1) (5,17) (17,5)
(1,1) (5,16) (16,5) (2,1) (5,17) (17,5)
(1,1) (5,16) (16,5) (2,1) (5,17) (17,5)
(1,1) (5,16) (16,5) (2,1) (5,17) (17,5)
(1,1) (5,16) (16,5) (2,1) (5,17) (17,5)
(1,1) (5,16) (16,5) (2,1) (5,17) (17,5)
(1,1) (5,16) (16,5) (2,1) (5,17) (17,5)
(1,1) (5,16) (16,5) (2,1) (5,17) (17,5)
(1,1) (5,16) (16,5) (2,1) (5,17) (17,5)
(1,1) (5,16) (16,5) (2,1) (5,17) (17,5)
(1,1) (5,16) (16,5) (2,1) (5,17) (17,5)
(1,1) (5,16) (16,5) (2,1) (5,17) (17,5)
(1,1) (5,16) (16,5) (2,1) (5,17) (17,5)
(1,1) (5,16) (16,5) (2,1) (5,17) (17,5)
(1,1) (5,16) (16,5) (2,1) (5,17) (17,5)
(1,1) (5,16) (16,5) (2,1) (5,17) (17,5)
(1,1) (5,16) (16,5) (2,1) (5,17) (17,5)
(1,1) (5,16) (16,5) (2,1) (5,17) (17,5)
(1,1) (5,16) (16,5) (2,1) (5,17) (17,5)
(1,1) (5,16) (16,5) (2,1) (5,17) (17,5)
(1,1) (5,16) (16,5) (2,1) (5,17) (17,5)
(1,1) (5,16) (16,5) (2,1) (5,17) (17,5)
(1,1) (5,16) (16,5) (2,1) (5,17) (17,5)
(1,1) (5,16) (16,5) (2,1) (5,17) (17,5)
(1,1) (5,16) (16,5) (2,1) (5,17) (17,5)
(1,1) (5,16) (16,5) (2,1) (5,17) (17,5)
(1,1) (5,16) (16,5) (2,1) (5,17) (17,5)
(1,1) (5,16) (16,5) (2,1) (5,17) (17,5)
(1,1) (5,16) (16,5) (2,1) (5,17) (17,5)
(1,1) (5,16) (16,5) (2,1) (5,17) (17,5)
(1,1) (5,16) (16,5) (2,1) (5,17) (17,5)
(1,1) (5,16) (16,5) (2,1) (5,17) (17,5)
(1,1) (5,16) (16,5) (2,1) (5,17) (17,5)
(1,1) (5,16) (16,5) (2,1) (5,17) (17,5)
(1,1) (5,16) (16,5) (2,1) (5,17) (17,5)
(1,1) (5,16) (16,5) (2,1) (5,17) (17,5)
(1,1) (5,16) (16,5) (2,1) (5,17) (17,5)
(1,1) (5,16) (16,5) (2,1) (5,17) (17,5)
(1,1) (5,16) (16,5) (2,1) (5,17) (17,5)
(1,1) (5,16) (16,5) (2,1) (5,17) (17,5)
(1,1) (5,16) (16,5) (2,1) (5,17) (17,5)
(1,1) (5,16) (16,5) (2,1) (5,17) (17,5)
(1,1) (5,16) (16,5) (2,1) (5,17) (17,5)
(1,1) (5,16) (16,5) (2,1) (5,17) (17,5)
(1,1) (5,16) (16,5) (2,1) (5,17) (17,5)
(1,1) (5,16) (16,5) (2,1) (5,17) (17,5)
(1,1) (5,16) (16,5) (2,1) (5,17) (17,5)
(1,1) (5,16) (16,5) (2,1) (5,17) (17,5)
(1,1) (5,16) (16,5) (2,1) (5,17) (17,5)
(1,1) (5,16) (16,5) (2,1) (5,17) (17,5)
(1,1) (5,16) (16,5) (2,1) (5,17) (17,5)
(1,1) (5,16) (16,5) (2,1) (5,17) (17,5)
(1,1) (5,16) (16,5) (2,1) (5,17) (17,5)
(1,1) (5,16) (16,5) (2,1) (5,17) (17,5)
(1,1) (5,16) (16,5) (2,1) (5,17) (17,5)
(1,1) (5,16) (16,5) (2,1) (5,17) (17,5)
(1,1) (5,16) (16,5) (2,1) (5,17) (17,5)
(1,1) (5,16) (16,5) (2,1) (5,17) (17,5)
(1,1) (5,16) (16,5) (2,1) (5,17) (17,5)
(1,1) (5,16) (16,5) (2,1) (5,17) (17,5)
(1,1) (5,16) (16,5) (2,1) (5,17) (17,5)
(1,1) (5,16) (16,5) (2,1) (5,17) (17,5)
(1,1) (5,16) (16,5) (2,1) (5,17) (17,5)
(1,1) (5,16) (16,5) (2,1) (5,17) (17,5)
(1,1) (5,16) (16,5) (2,1) (5,17) (17,5)
(1,1) (5,16) (16,5) (2,1) (5,17) (17,5)
(1,1) (5,16) (16,5) (2,1) (5,17) (17,5)
(1,1) (5,16) (16,5) (2,1) (5,17) (17,5)
(1,1) (5,16) (16,5) (2,1) (5,17) (17,5)
(1,1) (5,16) (16,5) (2,1) (5,17) (17,5)
(1,1) (5,16) (16,5) (2,1) (5,17) (17,5)
(1,1) (5,16) (16,5) (2,1) (5,17) (17,5)
(1,1) (5,16) (16,5) (2,1) (5,17) (17,5)
(1,1) (5,16) (16,5) (2,1) (5,17) (17,5)
(1,1) (5,16) (16,5) (2,1) (5,17) (17,5)
(1,1) (5,16) (16,5) (2,1) (5,17) (17,5)
(1,1) (5,16) (16,5)
print
end
***