1 1
1

1 1
0

2 2
1 1
1 0

2 2
0 0
1 1

3 3
1 2 3
4 5 6
7 8 9

3 3
0 0 0
0 0 0
0 0 0

3 3
0 0 0
0 0 0
0 0 1

1 4
1 100 101 2

4 4
1299 17523 5442 -18297 
-19510 22431 3741 22474 
-5960 -11164 -783 -14480 
-15930 -5156 -8659 -10021 

4 4
8308 -21480 -11231 -4056 
1926 -6159 13551 -10574 
-7151 53 27028 25827 
931 -15662 -7294 27605 

4 4
9896 -22296 -14490 18402 
-13060 13219 4105 -6597 
-25733 1675 -18972 -17371 
-11326 13327 -15655 -26176 

4 4
-6161 -19623 -3315 -9551 
5859 -3817 -2302 24846 
-12155 -15601 1572 -13802 
-3771 -25291 2059 -20955 

4 4
15679 -15235 -7174 -3487 
-20230 19233 -23203 -26308 
9238 16338 -10809 -17166 
15746 -6928 20141 9901 

4 4
-3841 -28731 7770 570 
-11059 -15544 -3671 6491 
24887 -9861 -9402 2142 
3253 -12170 15886 -8957 

4 4
17613 -15084 -4913 21410 
-16877 801 4773 -15725 
14904 2984 3178 1927 
-19425 -19295 968 23934 

4 4
1875 7040 -17675 -1777 
7298 -288 2997 -754 
-8218 16435 -9958 2819 
-6634 3284 -12442 -6861 

4 4
10286 -7865 -5988 7645 
-9083 -13128 -12544 -1513 
23243 10028 7964 9575 
-2698 -1331 -1937 -26412 

4 4
6947 21015 30430 -7246 
-3660 -10092 20368 6758 
477 13437 -3810 -5654 
-15496 12431 12361 -8016 
